420.76968
231.26414
1069.1483
1164.1631
380.96503
179.74356
167.61063
223.8858
241.96825
530.7878
2446.2024
205.13872
171.68668
409.07748
57.80916
222.51917
149.1988
803.2573
247.57962
306.80676
659.33093
497.1926
849.2655
1378.5599
162.92912
392.62555
1205.6501
370.57843
380.54187
869.9217
1098.253
643.80884
87.861244
166.88867
394.65195
545.89044
284.34842
489.3369
403.69315
707.4048
365.48587
3390.6765
2040.173
131.11491
356.71704
303.67825
132.8041
2083.7742
1628.71
107.112076
609.202
418.72543
224.86125
438.46875
1336.0835
981.72394
156.67877
1270.8883
1352.2607
121.74564
119.454735
136.38144
820.46497
256.5411
213.87317
378.25052
1057.9863
1310.3906
188.72281
4208.85
447.3922
320.98233
491.20728
281.97195
279.255
1194.5122
275.1429
5174.9023
180.5313
175.30208
403.83472
269.88406
985.02264
1447.7092
141.91818
1211.6974
947.8662
436.86703
268.4528
791.2793
247.31473
706.1382
549.45886
1017.8774
310.50504
206.55261
301.8187
295.3413
687.86115
279.1225
2607.4092
1506.6809
277.21014
169.69582
180.21048
64.37091
985.2037
387.89462
475.64215
897.30316
1636.2812
479.12466
229.3055
206.266
218.85881
1281.9106
636.71
530.1533
160.05046
1156.0807
1181.6891
1401.3529
330.32675
146.44147
360.0883
287.07666
841.7898
2095.3875
861.58435
1172.5317
1165.1877
128.38426
1357.3528
120.9105
1995.1077
3138.9993
273.57178
563.82776
212.72244
2207.7478
536.0895
1583.4897
1388.8469
322.3618
2818.7566
287.1317
206.58157
329.0884
434.122
545.5558
420.99698
413.08533
1509.1561
447.5635
284.982
234.46162
164.25267
3081.6003
98.63358
489.94067
612.0004
296.71066
2957.6257
389.12463
498.6877
697.5535
175.6332
376.16217
438.09558
301.89075
544.0336
1272.12
265.7827
422.06967
397.76422
468.9588
255.14804
1509.7258
882.14465
1113.9865
9619.156
541.6419
2125.247
798.9872
284.3702
690.7899
105.59677
950.5582
119.46893
413.4015
738.267
692.14777
418.2742
1029.3109
428.7438
330.42145
750.14124
561.45703
1003.90137
3067.926
155.71992
231.14232
469.48853
620.714
208.49948
512.776
144.39546
542.98254
256.2681
232.9247
534.3625
321.28802
159.98267
1226.1246
268.13797
380.96622
520.73224
678.77893
938.35803
239.99788
1275.6791
282.167
416.1901
897.8034
744.80426
141.20186
192.28758
148.82185
151.70456
511.6739
281.81268
96.7938
446.404
1153.8085
1147.0874
544.95374
408.0279
702.65436
541.2817
466.3137
373.49518
1059.1329
542.15607
579.8195
1904.6686
309.51953
2118.465
3714.9875
250.73776
36528.105
1407.731
1012.38995
1679.6642
641.7153
1366.5159
280.83392
199.53748
297.6585
714.587
857.2546
472.93167
154.84164
695.9651
763.6994
7314.8657
197.65005
617.41675
1134.5654
899.1485
153.03612
233.3939
3924.1196
438.8527
225.9188
676.6561
440.78925
655.7689
288.74042
117.93197
606.4828
687.3009
363.5491
84.560585
593.0958
974.398
110.87694
964.7518
634.7065
357.54706
286.36487
332.679
1714.8734
983.1731
375.08865
227.74335
355.40057
727.94257
168.81004
347.9749
1888.682
854.2684
260.44193
329.57672
7415.4834
280.34448
136.18933
139.99197
127.30626
813.5106
2179.1143
340.2972
244.22975
380.0805
1530.6631
631.49603
639.47815
566.0806
2258.9473
138.77039
297.89706
416.1728
242.93802
489.63443
867.075
413.90067
360.70688
1686.6616
256.12936
1488.9104
280.51443
292.44315
213.38084
364.80127
519.07367
754.3322
439.77795
347.8382
304.02856
2192.9072
246.64185
163.3824
558.43634
893.20996
622.5171
259.1124
1908.2281
951.4993
2921.0903
2825.6714
2919.276
1389.7418
272.47223
392.28876
1044.3447
199.98145
175.53111
274.25064
255.77979
1861.6667
480.79416
190.61102
567.1531
433.926
396.7501
326.49313
1555.8853
395.18628
86.474945
653.0374
431.69885
168.79184
477.65973
447.27466
2487.2473
187.48775
117.997
219.89215
194.23671
741.6664
7292.8887
283.13373
651.16315
73.810524
754.575
808.4616
186.58255
204.279
615.49146
647.48987
170.8526
1439.9015
379.75876
4301.0312
460.40393
327.93985
221.39204
236.56369
229.64177
1204.1847
933.04987
312.17807
927.8703
650.4338
4517.884
305.26154
3996.1367
359.7555
248.8008
280.93463
538.1971
629.0497
225.08151
105.00087
2141.91
1592.6492
644.1152
828.3133
3674.1199
1153.5157
984.598
20571.367
2853.2217
245.90897
335.50958
338.19806
2612.7808
407.67505
254.20386
315.85968
739.89215
366.12595
252.89902
871.14514
552.3113
777.1765
209.84035
1569.5352
307.35962
132.01225
1023.8298
209.53024
733.9594
2871.9856
300.0171
402.37274
435.64578
213.35466
673.66644
721.3278
606.2641
333.62405
268.65045
1761.0582
933.5585
273.37344
500.40894
1778.7477
8497.6
269.526
434.54504
118.97701
84.76342
236.23405
784.8236
202.83423
557.52386
319.18964
1356.0066
644.8934
412.03848
198.85283
489.9974
988.95764
1090.141
4704.614
642.955
341.10046
331.37738
408.39447
281.05508
251.31567
235.41068
235.803
391.4507
589.7975
3615.5728
219.04266
368.93436
663.18396
1553.9447
815.7112
1150.8165
331.6515
124.78853
666.2378
392.37314
329.60742
2864.9854
328.78574
365.7577
327.45804
218.17151
197.87729
272.17593
670.5744
863.6013
1049.497
191.6482
48.680786
1140.2893
449.46802
174.58363
456.0964
1520.9136
717.67163
808.30725
207.96423
302.14325
1265.6912
717.1629
2845.7578
723.22266
430.25217
385.11154
998.0454
274.4075
1158.958
140.54187
507.79495
601.8376
457.51044
241.22562
389.8375
1002.9385
368.4457
379.70715
439.26065
320.3724
405.03702
272.87366
1382.6088
497.12814
606.0231
211.52711
619.3867
478.08118
691.7255
593.784
310.62012
238.48232
658.7915
343.75388
1216.3566
381.90662
5363.828
454.1029
111.11696
28562.945
1452.9076
6963.9375
721.54663
208.75974
193.23923
334.37238
10932.684
305.07864
17467.248
593.4932
306.74094
583.03253
317.45264
882.26904
1446.5857
226.29245
8512.287
237.42859
149.35768
82.99594
498.97153
262.52634
523.3882
954.92505
817.13446
628.7797
183.04333
397.0885
886.94006
172.20366
117.225746
691.566
382.72876
406.77115
4394.1704
402.63843
934.8962
526.4327
1231.7356
513.6262
736.4619
235.0269
2819.5007
133.18109
